89 64 5 23 578 96 2 40 0 258
56 920 1 36 87 252 78 96 369 0
42 57 98 65 31 520 841 1020 94 66
53 59 54 51 48 68 62 43 101 17
545 321 639 417 852 2 6 9 11 80

10 9 8 7 6 5 4 3 2 1 56 57 59 58 55 54 53 51 52 50 41 45 42 46 43 47 48 49 21 28 29 27 25 26 24 23 22 96 95 98 94 97 93 92 91 90 99 102


100 :
./push_swap 10 9 8 7 6 5 4 3 2 1 56 57 59 58 55 54 53 51 52 50 41 45 42 46 43 47 48 49 21 28 29 27 25 26 24 23 22 96 95 98 94 97 93 92 91 90 99 102 108 110 123 526 527 259 528 255 254 253 251 252 250 241 245 242 246 243 247 248 249 221 228 229 227 225 226 224 223 222 296 295 298 294 297 293 292 291 290 299 2102 2108 2110 2123 18 12 14 19 13 15 17 16

100 :
41 56 94 45 50 29 59 5 0 69 34 6 87 2 78 22 20 24 60 93 44 82 74 40 61 35 15 62 55 53 66 27 38 96 77 85 11 4 7 63 90 37 81 86 88 49 36 18 39 89 19 21 70 80 13 51 23 9 65 43 98 12 83 32 31 8 3 16 73 76 72 79 91 33 46 42 48 97 10 58 47 95 67 54 84 64 14 57 17 28 52 26 92 25 68 30 99 1 71 75 

500 :
52 385 306 329 179 181 186 204 173 375 265 303 416 373 283 93 497 135 197 308 349 449 213 3 255 24 297 167 21 132 487 476 1 484 252 109 194 236 151 289 83 16 368 386 224 356 331 439 336 273 58 2 420 412 100 372 244 71 232 444 376 393 350 473 474 84 496 379 314 261 468 212 193 454 492 443 498 116 230 337 82 121 103 345 294 247 221 192 430 59 475 312 129 459 341 285 215 172 477 126 189 4 355 411 279 166 241 389 30 268 222 305 144 178 469 282 134 361 32 228 453 37 75 9 316 340 335 80 483 323 168 359 69 440 25 353 19 399 45 170 472 298 377 291 360 183 227 374 299 107 62 302 415 137 464 344 450 384 300 225 180 150 435 478 417 122 96 157 146 382 89 366 68 70 466 136 328 162 0 231 27 130 211 321 61 185 431 288 413 262 201 55 159 125 54 451 29 410 85 369 97 378 330 296 486 63 145 128 278 452 325 442 48 118 49 196 281 60 267 108 394 198 490 479 456 184 44 470 218 290 57 254 433 28 208 56 457 113 98 317 493 199 406 39 257 229 147 191 425 119 11 481 114 438 15 138 422 206 12 110 445 275 381 104 239 161 242 187 34 263 123 365 402 465 347 461 223 363 489 426 467 67 398 362 327 256 235 462 205 421 22 318 414 429 432 494 455 81 292 243 482 17 41 463 495 315 200 33 105 458 10 423 319 87 214 272 390 301 143 274 152 92 277 280 352 310 253 139 441 304 409 216 258 339 324 124 155 311 36 99 43 156 427 26 333 460 326 383 115 112 388 348 407 163 264 370 23 234 50 117 165 248 499 40 190 188 245 120 424 240 106 18 171 53 418 226 391 434 64 334 111 195 13 437 338 276 74 160 397 142 101 246 343 148 203 249 140 220 284 251 207 95 293 6 133 332 238 217 158 102 446 271 295 354 287 76 392 5 141 176 358 405 259 371 14 367 77 73 396 471 46 387 491 169 428 90 127 164 35 260 174 404 322 91 380 448 357 401 309 342 202 403 266 488 8 131 250 219 177 286 175 269 485 20 210 400 209 408 313 233 346 153 351 436 182 307 78 395 47 149 364 38 480 154 419 66 31 86 237 270 65 447 79 320 72 88 51 94 7 42